# As, ns, H0, w0, ombh2, omch2, nu_mass_ev, sigma8
1.31455946 1.00774121 55.88682556 -1.01772416 0.02589195 0.14634591 0.01455030 0.68302685
2.21681984 0.93821603 69.53208160 -1.00664461 0.02013472 0.15273483 0.20696878 0.89239789
1.60811542 1.00284553 66.44570923 -1.55389726 0.02511024 0.15426148 0.38468763 0.85726108
2.78936518 0.94149405 63.77760696 -1.15168262 0.01822894 0.12189814 0.02429146 0.99347086
1.56608193 0.96076578 63.68556213 -1.21179640 0.01962075 0.11820062 0.02795881 0.73388855
1.32994560 1.00443435 61.91705322 -1.41838729 0.02411098 0.09087270 0.32224822 0.52232857
2.08649964 0.98194867 71.02968597 -1.30466187 0.02046720 0.13131824 0.45403448 0.85672011
2.57102428 0.95802832 79.74549103 -0.64088821 0.02681798 0.12407271 0.04998092 0.76703452
2.58193933 0.96710324 66.96902466 -1.43346870 0.01791966 0.14957055 0.01971026 1.13881935
2.23337970 0.99043959 71.83519745 -1.43722343 0.01865700 0.12659793 0.01305830 1.00491384
2.60701127 1.00538194 59.35521317 -0.59299612 0.02118208 0.13830270 0.07313672 0.86645334
2.83974555 0.99274153 74.00947571 -0.64300674 0.02295027 0.08412905 0.13574593 0.69133936
2.26420771 0.93435091 72.28435516 -0.62326044 0.02052621 0.14456722 0.14697622 0.81225781
2.52424548 0.98522335 58.11332703 -0.51950699 0.02673952 0.12907471 0.05495169 0.75079311
1.71913428 0.95330954 56.54874802 -0.46792930 0.02098820 0.10337945 0.07412355 0.51251833
2.41095877 0.94829810 80.22065735 -1.52885807 0.01751183 0.11399224 0.05772884 1.01541847
2.49834642 0.97407782 80.83345032 -1.03641355 0.02441534 0.10006674 0.01395749 0.81771820
2.95414959 0.97826236 58.49892426 -1.08777487 0.02189510 0.09740670 0.03250438 0.84326753
3.02540526 0.93122309 70.59114838 -1.13847613 0.02498807 0.14183526 0.03673395 1.09264718
2.69236766 0.94489717 62.62911987 -1.19822204 0.02367731 0.14790583 0.06637575 1.03028590
1.18819332 0.94000107 81.61717987 -1.12795162 0.02156388 0.08563135 0.09684465 0.84326753
3.00535641 0.96967381 69.15243530 -1.36939251 0.02482672 0.11693748 0.19078591 0.97587373
2.15187668 0.99560046 64.32041931 -1.09797823 0.02233335 0.14252511 0.02064975 0.93531687
2.10721063 0.95230120 53.79651260 -0.70503563 0.02509228 0.08661231 0.06462513 0.62058879
2.33013342 1.00729835 61.09994507 -0.45613724 0.01881238 0.12584002 0.26649454 0.67245567
2.66378453 0.99529731 81.76886749 -1.32185078 0.02464960 0.14995751 0.11812569 1.16221406
1.47786383 0.95570517 79.06343842 -0.91724169 0.01734237 0.14155602 0.11126766 0.77921367
2.46911069 0.97907001 68.38011932 -1.22309172 0.02453926 0.10726157 0.01736035 0.86086151
1.66055303 0.98394543 71.57246399 -0.75968820 0.01848138 0.11300255 0.23948339 0.63354119
1.81391457 0.94364345 75.16493988 -0.83010691 0.02408224 0.15505601 0.33971429 0.88286502
1.85499560 0.97692889 57.57316971 -1.45117712 0.02617956 0.09605380 0.03591527 0.66498167
1.68837477 0.99116683 55.50984192 -0.99159336 0.02172326 0.11618674 0.01040718 0.69538006
1.39893408 0.96439230 58.68206406 -0.53971976 0.02373803 0.10418579 0.01179052 0.48974420
1.74640968 0.93057215 77.11837006 -1.52003360 0.02340968 0.15879390 0.01087464 0.73388855
2.75075673 0.94655710 64.72271729 -1.18259358 0.02603165 0.14496994 0.11127896 1.01283159
2.29580088 0.94269449 75.65285492 -0.49929604 0.02626212 0.13031183 0.08497220 0.65915452
1.67653236 0.94857067 72.40898132 -1.25838923 0.02648635 0.13412274 0.18273698 0.77859127
2.87555402 0.98870111 76.12248993 -1.10141265 0.02538094 0.15325320 0.02495285 1.01541847
1.74438897 0.96076578 63.68556213 -1.21179640 0.01962075 0.11820062 0.02462526 0.77521468
3.07943759 0.98617828 70.79127502 -0.84855366 0.02085362 0.10972843 0.03121502 0.91427849
1.45142387 0.95307916 68.63261414 -0.61004579 0.02359762 0.14070192 0.18716341 0.62058879
1.82474569 0.99858981 55.94064331 -1.46264434 0.02309521 0.08373651 0.04206613 1.03028590
2.50846743 0.93354964 62.33795547 -1.17870033 0.02541124 0.11196718 0.01855930 0.84062608
2.65451683 0.99179590 67.52202606 -0.80881554 0.02529759 0.10142812 0.37616611 0.69133936
1.98821404 1.00401390 59.05546188 -0.96964425 0.02142212 0.12073933 0.40666896 0.71471684
2.12309570 0.98017710 60.94663620 -0.83872223 0.02262097 0.10702193 0.02983428 0.71759888
2.16148943 0.94074303 78.57331085 -0.72919989 0.02664756 0.15627640 0.01591682 0.86645334
2.39796605 0.98834175 59.80492783 -1.51452553 0.02192378 0.14394605 0.33636421 0.93809981
2.44898635 0.94316286 57.01661682 -1.07094240 0.02120333 0.11941732 0.02121622 0.85726108
1.13683762 0.98246485 74.93337250 -0.94860613 0.02316965 0.11888330 0.12559652 0.58698161
2.97906610 0.97029841 52.73844528 -0.60022545 0.01807393 0.12249256 0.01870829 0.87215145
1.55358271 0.95952320 61.61661148 -0.96327442 0.02025113 0.13608001 0.21397588 0.71418302
2.30449637 0.99649251 77.88484955 -0.77504450 0.02719223 0.13116699 0.17577617 0.81148763
1.26736266 1.00904417 64.97381592 -1.24683046 0.01951856 0.08734655 0.14146541 0.71418302
2.02645190 0.96314305 62.96314240 -1.23307371 0.02323044 0.15544868 0.02717216 0.76489547
1.46429702 0.94857067 72.40898132 -1.25838923 0.02648635 0.13412274 0.27516496 0.71254387
2.55602361 0.93947715 54.39302826 -0.87530547 0.01907937 0.12136842 0.27998304 0.80286250
2.70180300 0.99733835 67.15749359 -0.85649377 0.01977169 0.12799837 0.01700684 0.96031856
1.43495171 0.98724777 81.38175201 -0.93817651 0.01776668 0.10499629 0.02614322 0.65680732
3.08124659 0.97791845 55.22055817 -1.28972089 0.02596002 0.15775780 0.09357055 0.69133936
2.34804087 0.94697350 75.87892914 -1.30211258 0.02034072 0.10235945 0.09133161 0.85381031
1.90902827 0.94536787 53.03684616 -1.38510573 0.01782089 0.14678350 0.10198722 0.84648090
1.22418253 0.97371775 74.77924347 -0.47965953 0.01930247 0.10596491 0.23735034 0.39814400
1.73641479 0.98348570 56.33076096 -0.89327586 0.01940206 0.15705320 0.04662684 0.86086151
1.35550826 0.95088023 72.86047363 -1.06668472 0.01878062 0.15927814 0.11650674 0.99347086
1.48896750 0.93773395 74.20115662 -0.67723805 0.02388596 0.09176311 0.20326805 0.45824919
1.78842019 0.97490674 57.75585938 -1.37109649 0.02574731 0.08289411 0.14980523 0.55478232
2.81878432 0.97182614 76.38657379 -1.27161491 0.02067787 0.08509498 0.02302611 0.96031856
2.25939867 0.98465681 60.58536148 -1.05481386 0.02425242 0.09559236 0.04565245 0.71332961
2.72815170 0.96863425 80.54870605 -0.74356824 0.02568119 0.13488504 0.22327639 0.87724055
1.96048822 0.95461923 78.25980377 -1.24625170 0.02638760 0.10854512 0.03418421 0.78177359
2.85898238 0.99451178 71.49502563 -1.47482574 0.01815666 0.13926509 0.08675672 1.18573017
2.63817856 0.95735765 73.02416229 -0.44552314 0.02138695 0.10251851 0.07806891 0.55478232
